 204.
 175.
 254.
 204.
 193.
 99.
 246.
 187.
 273.
 181.
 185.
 88.
 198.
 101.
 159.
 275.
 140.
 180.
 96.
 121.
 281.
 295.
 71.
 177.
 305.
 150.
 290.
 124.
 180.
 95.
 122.
 206.
 46.
 110.
 90.
 122.
 97.
 140.
 288.
 151.
 172.
 243.
 137.
 239.
 254.
 132.
 311.
 289.
 353.
 449.
 307.
 308.
 243.
 232.
 232.
 195.
 88.
 154.
 154.
 195.
 55.
 243.
 252.
 156.
 51.
 381.
 287.
 107.
 174.
 312.
 261.
 296.
 308.
 168.
 316.
 283.
 307.
 315.
 314.
 232.
 193.
 179.
 217.
 232.
 206.
 273.
 43.
 91.
 131.
 80.
 149.
 185.
 211.
 175.
 112.
 105.
 171.
 115.
 87.
 101.
 170.
 164.
 233.
 157.
 233.
 135.
 147.
 160.
 310.
 108.
 97.
 166.
 188.
 217.
 174.
 256.
 249.
 279.
 86.
 91.
 42.
 92.
 136.
 167.
 103.
 129.
 194.
 197.
 183.
 150.
 196.
 171.
 153.
 239.
 233.
 224.
 278.
 256.
 383.
 323.
 321.
 128.
 127.
 163.
 162.
 186.
 162.
 197.
 263.
 227.
 274.
 307.
 102.
 100.
 195.
 266.
 251.
 265.
 261.
 307.
 313.
 316.
 78.
 105.
 164.
 233.
 195.
 47.
 243.
 112.
 75.
 69.
 166.
 156.
 116.
 224.
 185.
 209.
 335.
 255.
 193.
 336.
 315.
 293.
 235.
 419.
 366.
 82.
 181.
 131.
 170.
 156.
 245.
 75.
 178.
 52.
 149.
 207.
 278.
 106.
 262.
 265.
 113.
 289.
 289.
 119.
 54.
 91.
 95.
 132.
 249.
 160.
 132.
 64.
 319.
 151.
 222.
 85.
 136.
 181.
 150.
 271.
 216.
 210.
 79.
 78.
 199.
 51.
 161.
 227.
 266.
 141.
 207.
 330.
 187.
 302.
 277.
 271.
 99.
 151.
 26.
 112.
 180.
 261.
 188.
 239.
 218.
 249.
 258.
 253.
 194.
 271.
 121.
 216.
 124.
 305.
 199.
 321.
 176.
 198.
 203.
 280.
 240.
 171.
 262.
 253.
 370.
 334.
 396.
 236.
 288.
 242.
 151.
 211.
 265.
 246.
 254.
 224.
 178.
 138.
 182.
 207.
 235.
 144.
 92.
 89.
 118.
